killed_by,killer_placement,killer_position_x,killer_position_y,victim_placement,victim_position_x,victim_position_y,vektorX,vektorY,vzdialenost
AKM,12.0,376333,317858,15.0,372808,297124,3525,20734,21031
AKM,25.0,368799,420810,43.0,368015,421322,784,512,936
Kar98k,1.0,537062,262886,7.0,531516,261727,5546,1159,5665
Kar98k,10.0,523742,358413,14.0,539250,369010,15508,10597,18782
Kar98k,1.0,566307,267828,5.0,581870,262490,15563,5338,16453
AKM,25.0,368738,417488,26.0,368821,417726,83,238,252
AKM,25.0,361569,419730,36.0,361278,419166,291,564,634
AKM,25.0,369184,421062,43.0,368332,421274,852,212,877
Kar98k,1.0,421409,284009,12.0,363693,269831,57716,14178,59431
Kar98k,1.0,434681,281067,12.0,367543,249424,67138,31643,74221
AKM,8.0,375674,444623,14.0,365746,440418,9928,4205,10781
AKM,23.0,438738,280966,20.0,439108,280929,370,37,371
AKM,11.0,314694,357176,11.0,314933,357130,239,46,243
Kar98k,1.0,381091,280262,12.0,407818,249801,26727,30461,40524
AKM,7.0,445178,337286,16.0,449462,336773,4284,513,4314
Kar98k,1.0,212004,486172,10.0,215569,496083,3565,9911,10532
Kar98k,2.0,171708,537506,5.0,151591,533191,20117,4315,20574
AKM,10.0,364339,417049,18.0,364939,417482,600,433,739
AKM,26.0,389574,289679,35.0,391384,286871,1810,2808,3340
AKM,15.0,387202,118964,40.0,386767,118908,435,56,438
Kar98k,1.0,367444,284770,8.0,391152,284914,23708,144,23708
AKM,9.0,361280,395966,43.0,355992,400738,5288,4772,7122
AKM,1.0,396662,307742,2.0,396531,304991,131,2751,2754
AKM,1.0,387145,313930,3.0,388729,313930,1584,0,1584
AKM,15.0,386888,115383,40.0,387569,116193,681,810,1058
AKM,1.0,384718,315072,3.0,385597,315398,879,326,937
AKM,21.0,423913,326107,33.0,420920,324385,2993,1722,3453
AKM,21.0,422166,327937,33.0,421928,328134,238,197,308
AKM,9.0,361247,395928,43.0,356090,400734,5157,4806,7049
AKM,25.0,417469,330103,21.0,417447,329788,22,315,315
AKM,26.0,392153,286311,35.0,393994,286163,1841,148,1846
AKM,4.0,347226,142356,9.0,345692,141435,1534,921,1789
Kar98k,17.0,198664,237887,48.0,0,0,198664,237887,309931
AKM,4.0,370007,170078,11.0,371297,168383,1290,1695,2130
AKM,4.0,357546,246166,24.0,357253,245785,293,381,480
Kar98k,1.0,348392,121524,7.0,346781,129334,1611,7810,7974
Kar98k,15.0,388931,172113,30.0,395028,169433,6097,2680,6660
AKM,26.0,396302,308738,35.0,398414,308418,2112,320,2136
AKM,21.0,367417,264989,32.0,368316,259026,899,5963,6030
AKM,55.0,314337,355984,80.0,315840,355402,1503,582,1611
AKM,3.0,281421,397809,49.0,280583,396967,838,842,1187
AKM,3.0,283391,400400,53.0,283043,400207,348,193,397
Kar98k,1.0,361472,122103,4.0,368707,124496,7235,2393,7620
AKM,7.0,450573,299042,62.0,450429,299196,144,154,210
AKM,7.0,288064,265914,47.0,288712,266447,648,533,839
AKM,14.0,395278,291034,25.0,392752,292995,2526,1961,3197
AKM,23.0,367727,361541,54.0,367872,361507,145,34,148
AKM,4.0,343592,138725,8.0,344027,145986,435,7261,7274
AKM,4.0,358018,245530,21.0,362724,245762,4706,232,4711
Kar98k,1.0,349026,121831,6.0,373690,111110,24664,10721,26893
Kar98k,1.0,401374,653445,2.0,402407,645806,1033,7639,7708
AKM,25.0,467901,643930,36.0,468285,644154,384,224,444
AKM,32.0,447376,629079,44.0,447186,629021,190,58,198
AKM,3.0,366829,589552,12.0,318726,569325,48103,20227,52182
AKM,23.0,539514,464277,35.0,539381,464634,133,357,380
Kar98k,2.0,557957,565597,13.0,539799,563442,18158,2155,18285
AKM,25.0,467719,643482,38.0,468049,643809,330,327,464
Kar98k,2.0,552855,570465,16.0,557295,564318,4440,6147,7582
Kar98k,1.0,424845,452358,14.0,418694,454533,6151,2175,6524
AKM,11.0,627148,378717,24.0,627816,378862,668,145,683
Kar98k,19.0,446889,620514,25.0,445377,615623,1512,4891,5119
AKM,1.0,701356,253777,6.0,701034,253439,322,338,466
AKM,10.0,564897,386181,35.0,565023,386464,126,283,309
Kar98k,6.0,392963,348742,47.0,392963,349022,0,280,280
AKM,7.0,419844,481189,24.0,417015,480932,2829,257,2840
AKM,9.0,363903,409837,26.0,364033,410100,130,263,293
AKM,9.0,664340,298305,12.0,664125,298315,215,10,215
M24,2.0,682717,259434,3.0,698174,258664,15457,770,15476
AKM,10.0,564234,385344,34.0,565001,386131,767,787,1098
AKM,7.0,419605,480595,20.0,421282,483444,1677,2849,3305
AKM,3.0,342820,320401,22.0,342963,320651,143,250,288
AKM,26.0,606883,593266,25.0,607097,593130,214,136,253
AKM,25.0,606740,593221,26.0,606788,593342,48,121,130
AKM,12.0,368396,417095,27.0,368215,417052,181,43,186
AWM,2.0,236639,450001,4.0,238852,455385,2213,5384,5821
AKM,23.0,606895,593232,25.0,606671,594519,224,1287,1306
AKM,15.0,490612,365409,19.0,500358,367665,9746,2256,10003
AKM,6.0,407151,294720,29.0,408966,294599,1815,121,1819
AKM,3.0,616177,498602,12.0,617458,496500,1281,2102,2461
AKM,6.0,408439,295238,29.0,409168,294319,729,919,1173
AKM,15.0,490158,360208,24.0,486361,361774,3797,1566,4107
Kar98k,11.0,617957,416250,14.0,610415,417632,7542,1382,7667
AKM,6.0,587312,455565,7.0,587959,454216,647,1349,1496
AKM,1.0,587647,450418,10.0,589073,448844,1426,1574,2123
AKM,3.0,580124,463543,4.0,579619,460654,505,2889,2932
Kar98k,19.0,497301,362635,21.0,490975,366993,6326,4358,7681
AKM,1.0,706583,452973,30.0,704187,455718,2396,2745,3643
AKM,15.0,536898,415637,17.0,538295,412968,1397,2669,3012
AKM,3.0,581195,484102,8.0,582061,484529,866,427,965
AKM,3.0,579177,487610,8.0,579862,487745,685,135,698
M24,2.0,729731,419614,4.0,734226,417697,4495,1917,4886
AKM,17.0,397817,352754,,400003,352338,2186,416,2225
Kar98k,1.0,725959,412450,2.0,726665,422532,706,10082,10106
AKM,5.0,404239,303723,28.0,402549,303860,1690,137,1695
AKM,30.0,444539,329906,35.0,443945,330100,594,194,624
AKM,47.0,355004,321750,12.0,354909,321516,95,234,252
M24,2.0,729779,419627,4.0,731559,418284,1780,1343,2229
AKM,7.0,368613,418849,17.0,367399,419664,1214,815,1462
AKM,6.0,533002,377841,20.0,533684,376277,682,1564,1706
AKM,3.0,479092,581662,4.0,478817,581563,275,99,292
AKM,23.0,705195,343838,25.0,705371,342102,176,1736,1744
AKM,25.0,705149,337438,23.0,704203,338218,946,780,1226
AKM,23.0,705566,343660,25.0,704132,343795,1434,135,1440
AKM,7.0,366870,418578,16.0,365209,418892,1661,314,1690
AKM,27.0,163445,593694,14.0,162474,594684,971,990,1386
AKM,7.0,371458,410902,17.0,371662,410755,204,147,251
Kar98k,16.0,363985,424668,17.0,362345,417986,1640,6682,6880
AKM,3.0,437066,592080,4.0,437244,591989,178,91,199
AKM,16.0,157240,276259,14.0,155481,276859,1759,600,1858
AKM,15.0,424307,325383,24.0,424299,325578,8,195,195
AKM,15.0,424038,323586,23.0,420535,323787,3503,201,3508
AKM,15.0,425462,325618,18.0,424878,325497,584,121,596
AKM,15.0,420749,324661,22.0,420570,325094,179,433,468
AKM,16.0,157930,275875,14.0,157815,275758,115,117,164
Kar98k,1.0,325597,512951,3.0,330961,493242,5364,19709,20425
AKM,6.0,396007,355402,19.0,396233,354698,226,704,739
AKM,2.0,158904,276730,14.0,158558,276415,346,315,467
AKM,6.0,394983,355746,19.0,395066,355974,83,228,242
AKM,15.0,425784,325359,24.0,425851,324777,67,582,585
AKM,13.0,550170,252938,7.0,550156,253058,14,120,120
AKM,13.0,549749,252997,7.0,549989,253527,240,530,581
AKM,7.0,549715,253220,13.0,549810,252939,95,281,296
AKM,17.0,417856,330156,21.0,417818,328494,38,1662,1662
Kar98k,7.0,125469,404989,6.0,124837,380266,632,24723,24731
AKM,7.0,359290,409539,15.0,359570,409799,280,260,382
AKM,7.0,361427,411266,15.0,360856,412411,571,1145,1279
AKM,24.0,601802,476273,20.0,601617,476849,185,576,604
Kar98k,3.0,155951,378382,5.0,158534,392617,2583,14235,14467
Kar98k,4.0,148460,369497,8.0,136837,367717,11623,1780,11758
AKM,16.0,432355,637566,26.0,432636,637319,281,247,374
Kar98k,4.0,148437,370996,6.0,124928,380037,23509,9041,25187
AKM,7.0,96796,455352,10.0,87569,451128,9227,4224,10147
AKM,16.0,432376,637590,23.0,432732,637258,356,332,486
AKM,17.0,423346,324541,21.0,423111,324684,235,143,275
AKM,7.0,97633,460413,10.0,85413,454146,12220,6267,13733
AKM,78.0,488683,347914,87.0,488594,347804,89,110,141
AWM,7.0,187687,519755,11.0,202972,512708,15285,7047,16831
AKM,20.0,489717,343748,72.0,489650,348002,67,4254,4254
AKM,35.0,386613,119403,64.0,387178,120166,565,763,949
AKM,58.0,395698,284545,82.0,397945,285996,2247,1451,2674
Kar98k,1.0,205963,503775,4.0,194841,499434,11122,4341,11939
Kar98k,3.0,198514,520480,7.0,201394,514193,2880,6287,6915
AKM,46.0,114057,288302,62.0,115984,286395,1927,1907,2711
Kar98k,1.0,315667,465786,33.0,296805,453188,18862,12598,22682
Kar98k,1.0,377951,373201,40.0,381478,357285,3527,15916,16302
M24,5.0,329109,551762,29.0,326938,551760,2171,2,2171
AKM,21.0,416728,477034,27.0,416373,478828,355,1794,1828
AKM,21.0,415936,476171,27.0,416206,476201,270,30,271
AKM,3.0,202469,289579,31.0,206692,291846,4223,2267,4793
AKM,1.0,138070,451772,3.0,142696,452160,4626,388,4642
AKM,1.0,70217,492626,14.0,69981,492563,236,63,244
Kar98k,19.0,457221,644404,30.0,463781,644509,6560,105,6560
AKM,30.0,466549,642100,39.0,465845,641276,704,824,1083
AKM,19.0,460757,644124,30.0,463153,644338,2396,214,2405
AKM,5.0,326612,392129,13.0,321176,395913,5436,3784,6623
AKM,13.0,445403,626903,29.0,445003,624288,400,2615,2645
AKM,21.0,381104,476814,11.0,381971,476591,867,223,895
Kar98k,19.0,438028,623106,24.0,439455,629014,1427,5908,6077
AKM,21.0,380498,475262,11.0,380502,476553,4,1291,1291
AKM,18.0,201837,238113,23.0,201675,238321,162,208,263
Kar98k,19.0,439221,628085,24.0,438365,619807,856,8278,8322
AKM,5.0,146991,448524,4.0,148368,448353,1377,171,1387
AKM,11.0,164083,403195,16.0,163242,404156,841,961,1277
Kar98k,30.0,427250,318115,32.0,433414,311546,6164,6569,9008
Kar98k,1.0,245112,480277,4.0,243009,483492,2103,3215,3841
M24,11.0,191964,456079,13.0,204502,459698,12538,3619,13049
AKM,14.0,210289,467865,19.0,209399,469393,890,1528,1768
M24,3.0,514105,354729,,508927,358780,5178,4051,6574
AKM,17.0,615762,498085,18.0,616098,498389,336,304,453
AKM,5.0,547109,327913,7.0,543892,328098,3217,185,3222
AKM,5.0,549922,330832,6.0,551785,333871,1863,3039,3564
AKM,17.0,614996,481983,18.0,615311,481678,315,305,438
Kar98k,2.0,510104,352393,3.0,514116,354683,4012,2290,4619
AKM,7.0,539068,237610,10.0,539162,238032,94,422,432
AKM,9.0,502838,325901,2.0,502890,327706,52,1805,1805
Kar98k,2.0,451849,628883,19.0,451633,621680,216,7203,7206
AKM,2.0,445609,623408,12.0,451437,624453,5828,1045,5920
AKM,16.0,549431,594384,15.0,550854,593436,1423,948,1709
AKM,9.0,503244,325952,2.0,503236,326528,8,576,576
AKM,18.0,616165,498133,17.0,615975,498271,190,138,234
AKM,11.0,465453,368024,13.0,467475,368663,2022,639,2120
AKM,18.0,615474,496148,17.0,615491,496004,17,144,145
AKM,18.0,616221,497774,17.0,616159,498118,62,344,349
AKM,15.0,624541,602254,23.0,624157,602702,384,448,590
AKM,3.0,357025,408616,13.0,358737,410214,1712,1598,2341
AKM,20.0,617629,618980,25.0,617631,618696,2,284,284
AKM,2.0,628382,607553,4.0,627743,608039,639,486,802
AKM,3.0,615064,591544,5.0,615155,589790,91,1754,1756
AKM,19.0,387646,118935,23.0,387808,118902,162,33,165
AKM,28.0,387192,138953,24.0,386842,138205,350,748,825
AKM,7.0,435701,418943,11.0,434715,416778,986,2165,2378
AKM,5.0,533080,221757,18.0,531970,221950,1110,193,1126
AKM,14.0,159847,619126,15.0,160285,619354,438,228,493
AKM,1.0,360557,404026,27.0,359899,404566,658,540,851
AKM,11.0,500742,422974,19.0,500424,422223,318,751,815
AKM,1.0,359356,408255,27.0,361026,409488,1670,1233,2075
AKM,5.0,711014,451803,10.0,702667,450433,8347,1370,8458
AKM,6.0,614204,366302,15.0,613933,364201,271,2101,2118
Kar98k,1.0,658955,471802,2.0,649633,460224,9322,11578,14864
AKM,15.0,573957,332135,18.0,574816,327704,859,4431,4513
AKM,2.0,555889,532422,16.0,556235,530735,346,1687,1722
AKM,23.0,368356,400462,9.0,368302,400674,54,212,218
AKM,23.0,368364,400474,9.0,368383,400636,19,162,163
AKM,1.0,553543,248627,20.0,544217,253938,9326,5311,10732
Kar98k,3.0,408326,136414,4.0,410415,153974,2089,17560,17683
Kar98k,3.0,0,0,4.0,413753,139197,413753,139197,436540
AKM,1.0,389876,286284,23.0,388666,286628,1210,344,1257
AKM,2.0,408752,154221,3.0,402021,141116,6731,13105,14732
AKM,5.0,337668,218442,10.0,337674,219006,6,564,564
Kar98k,3.0,417454,130420,,406739,130762,10715,342,10720
AKM,8.0,200817,286703,25.0,200499,287027,318,324,453
AKM,6.0,498452,495017,12.0,495420,496884,3032,1867,3560
AKM,16.0,139622,602342,17.0,139424,602691,198,349,401
AKM,18.0,365832,439692,5.0,366061,438828,229,864,893
AKM,16.0,145970,602528,17.0,145777,602311,193,217,290
AKM,16.0,145870,602413,17.0,145746,601777,124,636,647
AKM,5.0,386935,419949,13.0,379917,415979,7018,3970,8063
AKM,11.0,502189,632175,16.0,508112,637508,5923,5333,7970
AKM,52.0,382295,571893,75.0,382430,572034,135,141,195
AKM,17.0,233426,521530,61.0,233021,520996,405,534,670
AKM,2.0,378680,638813,25.0,380618,647081,1938,8268,8492
AKM,11.0,395573,498220,50.0,392441,501949,3132,3729,4869
AKM,16.0,376222,419142,60.0,375702,418668,520,474,703
AKM,16.0,376538,418736,61.0,376644,418581,106,155,187
AKM,2.0,552836,571067,40.0,552276,570406,560,661,866
Kar98k,36.0,431023,628927,83.0,431283,628835,260,92,275
M24,3.0,399474,628988,13.0,377222,651918,22252,22930,31952
AKM,4.0,440831,603586,6.0,440292,604336,539,750,923
AKM,41.0,448379,628998,74.0,448741,629167,362,169,399
AKM,16.0,349728,432130,27.0,345591,432768,4137,638,4185
AKM,12.0,371053,367674,42.0,367803,363716,3250,3958,5121
AKM,44.0,423390,324864,73.0,420787,324589,2603,275,2617
AKM,51.0,619582,618430,53.0,617470,615419,2112,3011,3677
AKM,2.0,549919,574959,22.0,551895,571474,1976,3485,4006
Kar98k,1.0,420566,615642,3.0,416407,607946,4159,7696,8747
AKM,11.0,372580,508578,39.0,376509,511160,3929,2582,4701
AKM,2.0,438171,603068,5.0,415360,604839,22811,1771,22879
AKM,30.0,481249,295213,66.0,480860,295662,389,449,594
AKM,41.0,446521,629261,62.0,450662,629568,4141,307,4152
M24,3.0,399187,629257,9.0,399085,635722,102,6465,6465
AKM,4.0,434653,588098,11.0,437128,588513,2475,415,2509
AKM,1.0,702504,343823,55.0,703419,343283,915,540,1062
M24,3.0,399279,628753,12.0,400132,621966,853,6787,6840
AKM,45.0,547750,501693,53.0,543946,504129,3804,2436,4517
M24,33.0,274714,491264,35.0,277159,528445,2445,37181,37261
AKM,3.0,678072,511459,84.0,678129,511546,57,87,104
AKM,45.0,547820,501240,55.0,548885,499562,1065,1678,1987
AKM,76.0,418630,324372,92.0,418624,325515,6,1143,1143
M24,5.0,213392,550491,11.0,217105,557956,3713,7465,8337
AWM,2.0,160939,563922,22.0,167764,569821,6825,5899,9021
AKM,49.0,370164,358132,65.0,370627,357940,463,192,501
AKM,83.0,627167,607591,88.0,629011,609801,1844,2210,2878
AKM,7.0,159343,565874,16.0,154354,574525,4989,8651,9986
AKM,56.0,421081,324098,79.0,420924,324912,157,814,829
AWM,2.0,151520,526952,12.0,168427,512735,16907,14217,22090
AKM,21.0,281438,570214,34.0,280135,571232,1303,1018,1653
M24,17.0,250672,542511,18.0,242512,527596,8160,14915,17001
Kar98k,53.0,599375,467571,71.0,600224,468375,849,804,1169
M24,46.0,410259,478138,58.0,415301,476877,5042,1261,5197
AKM,9.0,243586,228689,14.0,248144,233215,4558,4526,6423
AKM,5.0,252172,191675,15.0,251669,191822,503,147,524
AKM,17.0,271061,561821,36.0,272584,561866,1523,45,1523
AKM,17.0,271338,563784,36.0,272341,563935,1003,151,1014
AKM,20.0,249294,428012,25.0,249336,429612,42,1600,1600
AKM,9.0,237194,208314,10.0,232768,207559,4426,755,4489
AKM,20.0,245079,442835,25.0,249706,436947,4627,5888,7488
AKM,31.0,290220,446900,47.0,290800,447080,580,180,607
AKM,17.0,272229,308554,20.0,270813,304493,1416,4061,4300
Kar98k,7.0,211654,276982,30.0,210757,272536,897,4446,4535
AKM,5.0,251381,191602,13.0,252287,191078,906,524,1046
AKM,9.0,540440,454066,17.0,540915,454731,475,665,817
Kar98k,1.0,279281,475944,2.0,271677,484179,7604,8235,11208
AKM,4.0,298210,484525,15.0,297727,483956,483,569,746
Kar98k,3.0,548462,250212,9.0,543632,251221,4830,1009,4934
AKM,16.0,263894,276328,20.0,264062,278491,168,2163,2169
AKM,3.0,546163,250292,9.0,547275,253398,1112,3106,3299
Kar98k,7.0,453766,199020,15.0,451509,206796,2257,7776,8096
AKM,12.0,389678,169008,19.0,387788,167535,1890,1473,2396
Kar98k,1.0,360728,319199,14.0,372380,316941,11652,2258,11868
Kar98k,3.0,550889,363251,2.0,551037,336585,148,26666,26666
AKM,25.0,630894,610039,18.0,630632,609084,262,955,990
AKM,21.0,385386,122126,23.0,386108,119409,722,2717,2811
AKM,8.0,383065,114672,21.0,385568,119114,2503,4442,5098
AKM,18.0,618977,599982,15.0,619449,600657,472,675,823
AKM,17.0,443791,335464,22.0,443939,335285,148,179,232
AKM,4.0,432870,448414,3.0,432871,448727,1,313,313
AKM,4.0,573653,383407,28.0,572785,384531,868,1124,1420
AKM,24.0,431865,639942,33.0,437444,640147,5579,205,5582
AKM,4.0,569845,378942,28.0,569628,379220,217,278,352
AKM,4.0,467631,370197,17.0,468606,369585,975,612,1151
Kar98k,1.0,217788,283219,46.0,226718,290454,8930,7235,11493
AKM,28.0,426222,345758,34.0,426962,342705,740,3053,3141
AKM,7.0,245483,433788,56.0,245249,433519,234,269,356
AKM,39.0,363072,403868,43.0,362976,403676,96,192,214
AKM,7.0,249273,428219,52.0,248815,427065,458,1154,1241
Kar98k,1.0,212723,267702,76.0,213997,267913,1274,211,1291
AKM,59.0,398802,353476,68.0,398548,352732,254,744,786
AKM,10.0,315940,354001,18.0,326191,354473,10251,472,10261
Kar98k,1.0,228947,325387,24.0,225747,343393,3200,18006,18288
AKM,31.0,349998,313046,47.0,350849,313519,851,473,973
Kar98k,1.0,150292,290963,42.0,143964,304573,6328,13610,15009
Kar98k,1.0,231078,324574,22.0,255328,346747,24250,22173,32858
Kar98k,1.0,230671,325350,26.0,254095,358904,23424,33554,40921
AKM,3.0,269418,280394,8.0,269934,286383,516,5989,6011
AKM,23.0,367473,437739,65.0,367108,437514,365,225,428
AWM,1.0,490502,431289,17.0,450138,430716,40364,573,40368
AWM,1.0,471725,467391,4.0,466638,487618,5087,20227,20856
AKM,23.0,379917,425213,40.0,379656,425893,261,680,728
AKM,15.0,365315,266431,37.0,367400,266292,2085,139,2089
AWM,1.0,462786,434648,12.0,454214,439942,8572,5294,10074
AWM,1.0,492614,429372,15.0,491784,420687,830,8685,8724
AKM,22.0,319200,340021,59.0,320995,339918,1795,103,1797
AKM,23.0,370938,432375,50.0,370802,432867,136,492,510
AKM,6.0,471254,492486,16.0,469613,493770,1641,1284,2083
Kar98k,12.0,453864,440444,13.0,460384,435213,6520,5231,8359
AKM,17.0,364390,415795,32.0,364399,416030,9,235,235
AKM,17.0,449191,621160,32.0,449311,621334,120,174,211
AKM,1.0,576631,123122,8.0,577995,129137,1364,6015,6167
AKM,24.0,376733,133865,37.0,381181,132337,4448,1528,4703
AKM,26.0,422129,324563,40.0,423210,324853,1081,290,1119
AKM,23.0,209094,268115,34.0,210864,276743,1770,8628,8807
AKM,14.0,467960,368821,27.0,467757,368767,203,54,210
Kar98k,9.0,565834,384167,32.0,565871,384751,37,584,585
AKM,27.0,419299,290458,4.0,418903,288874,396,1584,1632
AKM,4.0,473545,336039,9.0,473586,337347,41,1308,1308
Kar98k,19.0,441576,393678,21.0,438980,395563,2596,1885,3208
AKM,6.0,293306,498272,35.0,293550,499347,244,1075,1102
AKM,3.0,627969,191697,7.0,629016,192426,1047,729,1275
AKM,7.0,561721,133911,25.0,558024,131530,3697,2381,4397
AKM,7.0,578040,190345,11.0,579509,191644,1469,1299,1960
Kar98k,4.0,494319,179292,13.0,482602,187410,11717,8118,14254
Kar98k,7.0,624136,601892,41.0,627039,614920,2903,13028,13347
Kar98k,14.0,370843,590782,27.0,345965,559590,24878,31192,39898
Kar98k,14.0,376159,591724,28.0,376214,600561,55,8837,8837
AKM,2.0,414706,587841,12.0,412850,591143,1856,3302,3787
AKM,2.0,433683,489996,47.0,421683,503613,12000,13617,18150
AKM,23.0,374056,412099,52.0,374858,412355,802,256,841
Kar98k,22.0,525431,481733,35.0,539937,468142,14506,13591,19878
Kar98k,16.0,212225,583837,43.0,217919,592033,5694,8196,9979
AKM,48.0,302633,553608,60.0,294364,552858,8269,750,8302
AWM,9.0,393631,678767,11.0,365787,658175,27844,20592,34631
Kar98k,14.0,360553,577718,30.0,367444,584608,6891,6890,9744
AKM,61.0,515360,503079,72.0,515441,502465,81,614,619
AKM,62.0,432155,635160,94.0,432433,635441,278,281,395
AKM,17.0,434062,714478,25.0,435332,711852,1270,2626,2916
AKM,13.0,566392,249828,28.0,566239,250797,153,969,981
AKM,18.0,533523,235767,13.0,534022,235729,499,38,500
Kar98k,2.0,212684,291309,16.0,225444,280277,12760,11032,16867
AKM,6.0,368705,504206,9.0,364486,508556,4219,4350,6059
AKM,18.0,546742,235560,13.0,546869,235579,127,19,128
AKM,3.0,416061,294806,15.0,416043,294524,18,282,282
Kar98k,1.0,534086,481968,13.0,534298,489625,212,7657,7659
Kar98k,1.0,515202,498354,5.0,497851,482774,17351,15580,23319
AKM,3.0,411355,291865,15.0,411764,291308,409,557,691
AKM,10.0,566522,278721,14.0,565289,277110,1233,1611,2028
Kar98k,1.0,517384,578504,7.0,520096,593145,2712,14641,14890
AKM,22.0,509920,501311,32.0,512602,502119,2682,808,2801
AKM,35.0,404385,490252,39.0,412031,482495,7646,7757,10891
AKM,23.0,297418,501408,46.0,300051,499628,2633,1780,3178
AKM,35.0,411530,479574,36.0,411893,480895,363,1321,1369
AKM,21.0,602633,474605,17.0,602565,474562,68,43,80
AKM,6.0,394682,278262,17.0,394605,277137,77,1125,1127
AKM,21.0,599991,475355,26.0,599090,475177,901,178,918
AKM,4.0,327015,130786,7.0,326869,131127,146,341,370
AKM,13.0,181589,287217,11.0,178786,289757,2803,2540,3782
Kar98k,2.0,297659,590215,22.0,277339,597339,20320,7124,21532
Kar98k,6.0,280214,572302,2.0,282047,574751,1833,2449,3059
AKM,2.0,383160,443277,14.0,383762,443360,602,83,607
M24,1.0,274504,262192,16.0,266345,271072,8159,8880,12059
Kar98k,14.0,492346,236085,20.0,480729,239715,11617,3630,12170
AKM,4.0,363752,228740,23.0,368527,221043,4775,7697,9057
M24,1.0,322285,239256,3.0,329451,230841,7166,8415,11052
AKM,7.0,398418,353563,48.0,400065,350806,1647,2757,3211
AKM,5.0,326251,270494,12.0,337252,278292,11001,7798,13484
AKM,16.0,362260,412614,35.0,362522,413109,262,495,560
M24,1.0,278185,264823,16.0,272292,268640,5893,3817,7021
Kar98k,23.0,209919,293717,32.0,210709,294678,790,961,1244
Kar98k,1.0,244675,286273,13.0,306038,251148,61363,35125,70704
Kar98k,1.0,250029,316996,17.0,255070,309536,5041,7460,9003
AKM,1.0,320551,428480,27.0,319712,429314,839,834,1182
AKM,1.0,250027,316978,17.0,249966,315452,61,1526,1527
AKM,1.0,316538,425677,27.0,316957,423715,419,1962,2006
AKM,10.0,385738,351444,32.0,384558,352838,1180,1394,1826
AKM,16.0,140290,286573,24.0,136799,281124,3491,5449,6471
Kar98k,1.0,267142,230494,11.0,282681,221410,15539,9084,17999
Kar98k,1.0,305490,154052,3.0,332358,160419,26868,6367,27612
Kar98k,1.0,307337,172247,5.0,331306,176700,23969,4453,24379
AKM,1.0,313659,132800,2.0,319329,129422,5670,3378,6599
AKM,1.0,248047,315128,16.0,241176,290520,6871,24608,25549
Kar98k,5.0,347580,192249,9.0,345054,178667,2526,13582,13814
AKM,31.0,216458,396707,42.0,218179,396494,1721,213,1734
AKM,16.0,127289,280675,29.0,127706,280619,417,56,420
AKM,1.0,297751,213361,8.0,290780,213287,6971,74,6971
Kar98k,1.0,337147,381711,22.0,350903,384794,13756,3083,14097
AKM,1.0,355169,397412,20.0,354906,397908,263,496,561
AKM,10.0,386136,478285,25.0,384069,477767,2067,518,2130
AKM,10.0,384788,476255,25.0,384253,480114,535,3859,3895
Kar98k,49.0,327490,552615,18.0,345865,558858,18375,6243,19406
Kar98k,1.0,282142,218135,3.0,297308,221989,15166,3854,15648
M24,1.0,242892,222057,8.0,247607,232036,4715,9979,11036
M24,1.0,237444,218518,9.0,233984,201148,3460,17370,17711
Kar98k,9.0,233932,201137,10.0,236995,208269,3063,7132,7761
AKM,21.0,383614,297787,20.0,378916,304080,4698,6293,7853
Kar98k,1.0,275718,216858,6.0,287751,215966,12033,892,12066
AKM,16.0,541666,464639,35.0,541957,463796,291,843,891
M24,1.0,288190,231287,3.0,296446,233778,8256,2491,8623
AKM,11.0,322046,330574,7.0,322181,330543,135,31,138
AKM,20.0,384931,299700,21.0,383614,297787,1317,1913,2322
M24,1.0,293567,237819,2.0,297788,236347,4221,1472,4470
Kar98k,2.0,624599,621071,30.0,627588,615958,2989,5113,5922
AKM,24.0,211633,286059,33.0,211554,286002,79,57,97
AKM,15.0,173692,529962,22.0,172213,529946,1479,16,1479
Kar98k,1.0,481523,371027,3.0,497668,365880,16145,5147,16945
M24,1.0,478088,374761,2.0,480544,380894,2456,6133,6606
AKM,12.0,148166,610017,10.0,148319,609890,153,127,198
AKM,15.0,174327,534155,22.0,173412,533695,915,460,1024
Kar98k,1.0,469857,362661,6.0,467980,358945,1877,3716,4163
AKM,18.0,543422,237429,27.0,544008,237485,586,56,588
AKM,9.0,166203,593267,10.0,163902,593738,2301,471,2348
AKM,21.0,704886,321266,19.0,704461,321738,425,472,635
AKM,10.0,166120,592979,9.0,166181,593138,61,159,170
Kar98k,1.0,423963,441364,10.0,418694,450105,5269,8741,10206
Kar98k,1.0,470296,362187,5.0,471114,336515,818,25672,25685
AKM,18.0,552488,228005,16.0,554208,229294,1720,1289,2149
AKM,19.0,697870,329154,21.0,697950,320780,80,8374,8374
AKM,20.0,569612,378022,26.0,569345,378299,267,277,384
AKM,18.0,535143,242740,19.0,535058,244243,85,1503,1505
AKM,23.0,372960,412992,13.0,372978,413050,18,58,60
Kar98k,2.0,551186,474203,9.0,538354,472006,12832,2197,13018
AKM,18.0,531383,240871,4.0,534842,240854,3459,17,3459
Kar98k,14.0,447120,444670,16.0,443933,435717,3187,8953,9503
AKM,2.0,441806,338674,19.0,441845,338397,39,277,279
Kar98k,2.0,566856,387473,3.0,562270,390799,4586,3326,5665
AKM,8.0,574904,380621,24.0,573410,379685,1494,936,1762
Kar98k,5.0,574249,384863,2.0,574522,384778,273,85,285
AKM,8.0,574928,380723,24.0,574770,380502,158,221,271
AKM,18.0,625098,381818,20.0,626145,383449,1047,1631,1938
AKM,8.0,574457,382554,20.0,574362,382675,95,121,153
AKM,14.0,466225,642138,18.0,466548,642121,323,17,323
AKM,1.0,566342,396922,3.0,562700,393090,3642,3832,5286
AKM,2.0,442903,336457,19.0,442996,337012,93,555,562
AKM,1.0,630838,436689,2.0,631439,438525,601,1836,1931
AKM,50.0,360851,428921,54.0,360760,427457,91,1464,1466
AKM,8.0,558182,388220,17.0,558367,388076,185,144,234
Kar98k,20.0,619628,440088,30.0,616314,462364,3314,22276,22521
AKM,1.0,613473,438898,14.0,615107,441948,1634,3050,3460
AKM,17.0,566809,507077,23.0,567306,500762,497,6315,6334
AKM,1.0,490311,332541,29.0,489526,334985,785,2444,2566
AKM,36.0,183453,284561,52.0,185021,285130,1568,569,1668
AKM,5.0,366065,439408,55.0,366019,439715,46,307,310
Kar98k,1.0,538640,332789,21.0,549301,336192,10661,3403,11190
AKM,12.0,292525,538886,48.0,290472,532441,2053,6445,6764
AKM,1.0,186100,526168,10.0,188517,524548,2417,1620,2909
AKM,45.0,474037,397119,46.0,472765,398504,1272,1385,1880
M24,5.0,194728,532457,6.0,201433,559722,6705,27265,28077
Kar98k,6.0,297804,464840,25.0,299082,451722,1278,13118,13180
AKM,24.0,564518,296926,72.0,564555,294789,37,2137,2137
AKM,57.0,438715,278316,67.0,438562,278076,153,240,284
AKM,1.0,174264,521831,15.0,174162,519834,102,1997,1999
Kar98k,6.0,297627,464589,24.0,292073,451397,5554,13192,14313
AKM,57.0,438802,280682,80.0,438930,279882,128,800,810
AKM,57.0,439155,279975,84.0,439006,279882,149,93,175
AKM,10.0,444378,358028,51.0,445620,347909,1242,10119,10194
AKM,12.0,139261,522469,20.0,137332,522947,1929,478,1987
AKM,14.0,436569,348705,19.0,0,0,436569,348705,558737
Kar98k,3.0,617300,259068,,609703,264170,7597,5102,9151
AKM,21.0,382343,115471,6.0,382474,115589,131,118,176
AKM,4.0,585768,266544,7.0,584068,265887,1700,657,1822
AKM,2.0,550339,361443,15.0,556883,361783,6544,340,6552
Kar98k,2.0,554806,241364,8.0,588544,211364,33738,30000,45147
AKM,2.0,593811,218732,8.0,600522,217350,6711,1382,6851
AKM,2.0,460591,612767,4.0,448586,621564,12005,8797,14883
Kar98k,3.0,638697,271284,4.0,645558,281593,6861,10309,12383
Kar98k,2.0,585677,250551,4.0,586955,270538,1278,19987,20027
AKM,5.0,599220,480526,25.0,599390,480378,170,148,225
AKM,18.0,206566,316750,3.0,205497,313131,1069,3619,3773
Kar98k,4.0,420008,388121,6.0,411570,381794,8438,6327,10546
AKM,9.0,426459,152852,17.0,406854,140767,19605,12085,23030
AKM,9.0,412381,250175,12.0,402782,273069,9599,22894,24824
AKM,4.0,420916,370328,9.0,425396,371297,4480,969,4583
AKM,16.0,567668,348585,15.0,567434,348085,234,500,552
AKM,3.0,204989,320111,18.0,206611,316629,1622,3482,3841
AKM,16.0,567774,351067,13.0,564111,352037,3663,970,3789
AKM,9.0,483121,364236,10.0,485981,366714,2860,2478,3784
AKM,9.0,406619,140623,14.0,401836,140866,4783,243,4789
AKM,15.0,624130,378901,8.0,624106,379583,24,682,682
AKM,8.0,351070,400321,21.0,350695,400969,375,648,748
AKM,24.0,351927,400987,21.0,351910,401661,17,674,674
AKM,10.0,211131,412121,35.0,210821,412024,310,97,324
Kar98k,6.0,367040,584575,14.0,345745,558965,21295,25610,33306
AKM,14.0,328073,546364,19.0,326719,542949,1354,3415,3673
AKM,10.0,152596,414906,41.0,151576,413362,1020,1544,1850
AKM,10.0,151129,414489,41.0,151226,414496,97,7,97
AKM,31.0,162741,291197,33.0,162691,291254,50,57,75
AKM,10.0,211573,411953,35.0,212196,411741,623,212,658
AKM,14.0,327881,550792,,327268,546129,613,4663,4703
AKM,8.0,382664,372591,36.0,386287,374656,3623,2065,4170
AKM,13.0,214352,525350,13.0,0,0,214352,525350,567397
Kar98k,1.0,352478,611336,4.0,337587,626167,14891,14831,21016
Kar98k,29.0,218732,283151,42.0,211935,289548,6797,6397,9333
AKM,10.0,342996,544940,5.0,327701,545520,15295,580,15305
Kar98k,1.0,361089,620142,7.0,361236,612145,147,7997,7998
AKM,12.0,342139,384188,15.0,339243,383331,2896,857,3020
Kar98k,11.0,301309,314826,18.0,311042,312409,9733,2417,10028
AKM,12.0,360979,399309,26.0,360135,400614,844,1305,1554
AKM,7.0,434036,458750,19.0,433761,458544,275,206,343
AKM,9.0,382364,652544,17.0,382515,652577,151,33,154
AKM,22.0,413461,481536,19.0,413253,481376,208,160,262
AKM,21.0,445029,622451,23.0,445245,622438,216,13,216
Kar98k,9.0,422233,633754,21.0,447635,629573,25402,4181,25743
AKM,10.0,628656,610511,20.0,628572,609946,84,565,571
AKM,5.0,367006,403243,14.0,363955,405066,3051,1823,3554
AKM,5.0,366399,405101,14.0,366398,405392,1,291,291
AKM,18.0,606442,482029,17.0,606476,482472,34,443,444
AKM,7.0,369219,590395,15.0,369219,590198,0,197,197
AKM,3.0,293430,567939,4.0,293097,568121,333,182,379
AKM,18.0,606559,481972,17.0,606419,481957,140,15,140
Kar98k,2.0,714832,436314,21.0,719204,435284,4372,1030,4491
AKM,2.0,490856,380663,7.0,490449,380920,407,257,481
AKM,2.0,491505,379837,7.0,487926,378754,3579,1083,3739
AKM,2.0,442920,363306,16.0,442987,363761,67,455,459
AKM,3.0,594678,347800,23.0,594014,348540,664,740,994
AKM,2.0,439368,376223,14.0,418854,363424,20514,12799,24179
AKM,22.0,446803,366350,38.0,447174,364411,371,1939,1974
AKM,22.0,436468,287099,21.0,437938,287800,1470,701,1628
Kar98k,5.0,511481,316137,13.0,484219,342420,27262,26283,37868
AKM,2.0,442853,363046,16.0,442762,362938,91,108,141
AKM,3.0,595126,347200,23.0,595139,347574,13,374,374
AKM,8.0,427271,338486,17.0,430813,359557,3542,21071,21366
M24,1.0,613856,332542,6.0,613262,344639,594,12097,12111
AKM,2.0,583030,335546,7.0,577841,317039,5189,18507,19220
AKM,6.0,637985,306233,8.0,637835,306251,150,18,151
AKM,20.0,449952,630982,23.0,446353,630601,3599,381,3619
Kar98k,4.0,554607,358669,10.0,552191,346003,2416,12666,12894
AKM,2.0,582533,336078,7.0,578064,331442,4469,4636,6439
AKM,22.0,524908,250843,2.0,524831,250908,77,65,100
AKM,22.0,520363,244058,2.0,521182,244164,819,106,825
AKM,20.0,448521,632283,21.0,447721,632127,800,156,815
AKM,19.0,374026,416925,26.0,374309,416539,283,386,478
AKM,1.0,640107,408339,9.0,640371,408372,264,33,266
AKM,1.0,619725,409317,3.0,615929,406888,3796,2429,4506
AKM,1.0,622377,396012,2.0,628413,399004,6036,2992,6736
AKM,34.0,378054,414609,29.0,377658,414643,396,34,397
AKM,13.0,457244,596944,16.0,459350,598736,2106,1792,2765
Kar98k,4.0,618086,416228,5.0,610321,417678,7765,1450,7899
Kar98k,16.0,446802,629493,38.0,437967,623063,8835,6430,10927
Kar98k,6.0,616853,363268,8.0,614883,367593,1970,4325,4752
AKM,4.0,414703,470971,22.0,422532,465648,7829,5323,9467
AKM,13.0,448025,621123,48.0,448283,621169,258,46,262
Kar98k,4.0,474479,416754,15.0,466011,417839,8468,1085,8537
AKM,13.0,448886,620706,48.0,447586,621263,1300,557,1414
AKM,1.0,621587,412613,4.0,620984,411850,603,763,972
AKM,39.0,342174,311166,48.0,343508,313670,1334,2504,2837
AKM,54.0,367490,410027,55.0,367902,409777,412,250,481
AKM,54.0,365888,409321,61.0,366042,409218,154,103,185
AKM,56.0,368182,408372,75.0,367241,408558,941,186,959
AKM,35.0,441421,337951,60.0,441460,337744,39,207,210
AKM,10.0,429710,154434,29.0,429466,155361,244,927,958
AKM,27.0,142905,336655,62.0,142988,335944,83,711,715
AKM,89.0,362409,409173,94.0,361341,407237,1068,1936,2211
AKM,29.0,433338,451385,78.0,433262,451404,76,19,78
Kar98k,8.0,361436,249841,50.0,358900,257261,2536,7420,7841
AKM,10.0,429606,155086,38.0,428376,155659,1230,573,1356
AKM,59.0,373398,361992,73.0,368114,361493,5284,499,5307
AKM,9.0,466461,641489,46.0,467056,641521,595,32,595
AKM,10.0,479189,542211,12.0,471419,550994,7770,8783,11726
AKM,1.0,621771,376405,41.0,621956,376211,185,194,268
AKM,49.0,624296,371861,41.0,624864,372122,568,261,625
Kar98k,2.0,471435,551851,6.0,457172,548974,14263,2877,14550
AKM,9.0,447575,629353,32.0,451607,629302,4032,51,4032
Kar98k,2.0,501447,556335,13.0,518374,565286,16927,8951,19147
AKM,8.0,526097,482024,31.0,533632,503600,7535,21576,22853
AKM,8.0,547422,501857,19.0,548141,502361,719,504,878
AKM,39.0,214804,396249,35.0,214713,396282,91,33,96
Kar98k,3.0,167234,294217,27.0,160612,293333,6622,884,6680
AKM,8.0,337456,349567,26.0,333120,345001,4336,4566,6296
AKM,35.0,215882,396753,39.0,215846,396378,36,375,376
M24,6.0,365107,376740,23.0,346829,378490,18278,1750,18361
Kar98k,23.0,346776,378455,24.0,351934,379025,5158,570,5189
M24,6.0,365140,360574,13.0,357706,373422,7434,12848,14843
AKM,9.0,260101,317755,10.0,265893,318979,5792,1224,5919
M24,6.0,364903,375828,23.0,346014,379028,18889,3200,19158
Kar98k,10.0,434557,626110,31.0,420638,608865,13919,17245,22161
AKM,24.0,338207,168122,47.0,338482,167756,275,366,457
AKM,15.0,322395,546648,19.0,326823,546480,4428,168,4431
AKM,5.0,270991,451819,21.0,272785,445755,1794,6064,6323
AKM,10.0,543017,461419,7.0,549250,455318,6233,6101,8721
AWM,1.0,324534,290705,8.0,298506,298322,26028,7617,27119
AKM,5.0,388973,349956,13.0,389964,352138,991,2182,2396
AKM,10.0,539902,518145,17.0,539721,518262,181,117,215
AKM,58.0,323669,345314,62.0,320275,345182,3394,132,3396
AKM,69.0,421187,542199,83.0,421528,543634,341,1435,1474
AKM,26.0,199426,402758,55.0,200180,401896,754,862,1145
AKM,28.0,366157,309490,45.0,366552,309841,395,351,528
AKM,46.0,362586,719541,57.0,362276,719916,310,375,486
AKM,33.0,418634,526915,79.0,419608,528754,974,1839,2081
AKM,10.0,80814,443904,19.0,89306,443122,8492,782,8527
AKM,5.0,177256,293003,77.0,176845,292956,411,47,413
AKM,23.0,366557,227464,37.0,385593,214576,19036,12888,22988
AKM,14.0,356042,323696,29.0,355747,324754,295,1058,1098
AKM,1.0,345268,501015,34.0,343557,503770,1711,2755,3243
Kar98k,5.0,624412,611803,33.0,619898,608109,4514,3694,5832
AKM,15.0,613095,252447,16.0,611769,252031,1326,416,1389
AKM,1.0,206683,279474,47.0,205042,275658,1641,3816,4153
AKM,24.0,565692,249378,21.0,564716,251090,976,1712,1970
AKM,4.0,596546,209825,,596488,209931,58,106,120
AKM,1.0,606978,155085,14.0,606477,154887,501,198,538
AKM,14.0,343290,308166,15.0,342935,308549,355,383,522
AKM,15.0,586194,269676,7.0,585713,268866,481,810,942
AKM,1.0,347155,512803,40.0,346369,514752,786,1949,2101
Kar98k,3.0,631725,198311,9.0,638455,202493,6730,4182,7923
AKM,6.0,150359,318728,30.0,150315,318475,44,253,256
AKM,33.0,202854,284270,45.0,202591,284550,263,280,384
AKM,34.0,374918,401376,36.0,373407,401826,1511,450,1576
AKM,41.0,158005,275767,42.0,157897,275663,108,104,149
AKM,14.0,125173,128372,25.0,125322,128161,149,211,258
AKM,41.0,158013,275776,42.0,157755,276024,258,248,357
AKM,12.0,397897,289756,38.0,397499,291195,398,1439,1493
AKM,14.0,123011,119413,31.0,122787,118686,224,727,760
AKM,5.0,517763,506475,,517006,509897,757,3422,3504
Kar98k,2.0,552385,570387,10.0,541904,583345,10481,12958,16666
Kar98k,2.0,552752,570837,12.0,550751,561051,2001,9786,9988
AKM,29.0,458257,628665,27.0,457855,628613,402,52,405
AKM,13.0,399472,488791,22.0,405927,478595,6455,10196,12067
AKM,19.0,299946,546080,24.0,305058,542761,5112,3319,6094
Kar98k,5.0,550671,545922,7.0,553674,528058,3003,17864,18114
AKM,6.0,404868,292554,13.0,403922,290356,946,2198,2392
AKM,10.0,468798,646709,27.0,468646,647909,152,1200,1209
Kar98k,1.0,335714,663158,5.0,322976,673834,12738,10676,16620
Kar98k,1.0,367673,586061,9.0,358203,574146,9470,11915,15219
AKM,1.0,544793,236583,12.0,544738,236921,55,338,342
Kar98k,1.0,357874,574163,7.0,393445,560628,35571,13535,38059
Kar98k,1.0,350157,661773,3.0,347757,661696,2400,77,2401
AKM,27.0,446466,334249,18.0,0,0,446466,334249,557722
AKM,2.0,550529,590963,4.0,550769,561880,240,29083,29083
AKM,1.0,541098,235831,,541097,235750,1,81,81
AKM,18.0,442697,338010,27.0,443017,338363,320,353,476
AKM,10.0,449868,628388,17.0,448987,628117,881,271,921
AKM,21.0,547466,227534,,546671,224774,795,2760,2872
Kar98k,22.0,550797,554817,23.0,0,0,550797,554817,781792
Kar98k,1.0,657180,227459,5.0,630625,225033,26555,2426,26665
AKM,7.0,618287,380517,30.0,619336,376822,1049,3695,3841
Kar98k,1.0,653602,216419,8.0,648045,213282,5557,3137,6381
AKM,11.0,421827,323547,38.0,424029,323850,2202,303,2222
AKM,4.0,382196,473514,25.0,382244,473371,48,143,150
Kar98k,7.0,692201,228257,10.0,695796,234095,3595,5838,6856
AKM,32.0,337475,171050,46.0,337270,173306,205,2256,2265
Kar98k,1.0,653962,217342,9.0,644658,204162,9304,13180,16133
AKM,42.0,324832,399160,46.0,324748,398881,84,279,291
AKM,58.0,294910,440989,83.0,294734,441043,176,54,184
Kar98k,3.0,197848,325818,30.0,190448,316879,7400,8939,11604
AKM,36.0,143728,331048,52.0,157824,347716,14096,16668,21829
AKM,1.0,308825,380872,16.0,304606,406384,4219,25512,25858
AKM,2.0,416136,411135,18.0,422221,414125,6085,2990,6779
AKM,39.0,200302,286634,71.0,199892,286618,410,16,410
Kar98k,2.0,348039,437311,5.0,343710,434837,4329,2474,4986
Kar98k,2.0,412875,414813,14.0,412781,423367,94,8554,8554
AKM,2.0,572831,420751,45.0,553103,422279,19728,1528,19787
AKM,5.0,373961,359215,40.0,373962,359292,1,77,77
AKM,18.0,607693,596110,87.0,607892,596655,199,545,580
AWM,11.0,345814,440588,12.0,372239,430929,26425,9659,28134
AKM,2.0,548420,421712,50.0,546493,420808,1927,904,2128
AKM,5.0,389526,352971,48.0,390192,353686,666,715,977
AKM,2.0,348494,437473,3.0,346321,437864,2173,391,2207
Kar98k,2.0,364190,444106,10.0,362235,463587,1955,19481,19578
AKM,39.0,200673,277455,94.0,198508,279949,2165,2494,3302
AKM,39.0,197338,277328,90.0,197482,276125,144,1203,1211
AKM,1.0,171517,353269,36.0,172423,354057,906,788,1200
AKM,2.0,361681,437788,6.0,362718,437591,1037,197,1055
AKM,1.0,206614,378641,32.0,207792,378331,1178,310,1218
AKM,49.0,367264,510579,81.0,367238,508867,26,1712,1712
AKM,53.0,291022,449242,58.0,290677,447889,345,1353,1396
AKM,22.0,636037,615685,43.0,636254,614607,217,1078,1099
AKM,11.0,280575,520070,67.0,280884,521186,309,1116,1157
M24,24.0,375362,535165,25.0,351606,511570,23756,23595,33482
Kar98k,9.0,415606,511895,22.0,405241,514807,10365,2912,10766
AKM,31.0,369274,269309,39.0,371049,268973,1775,336,1806
AKM,11.0,266204,523013,32.0,266024,523082,180,69,192
AKM,10.0,561051,501869,10.0,560835,502260,216,391,446
AKM,5.0,587873,451449,10.0,577407,459423,10466,7974,13157
AKM,11.0,588185,451139,12.0,588639,451544,454,405,608
Kar98k,2.0,642847,372877,3.0,649196,371032,6349,1845,6611
AKM,11.0,586494,454156,12.0,587635,451933,1141,2223,2498
AKM,35.0,468587,640617,19.0,468584,641274,3,657,657
AKM,3.0,666576,309384,16.0,666549,309741,27,357,358
Kar98k,4.0,670482,308564,10.0,675708,323466,5226,14902,15791
AKM,3.0,666288,309313,16.0,666574,309472,286,159,327
AKM,23.0,628195,383887,29.0,627972,383120,223,767,798
Kar98k,2.0,623848,388171,14.0,614983,367539,8865,20632,22455
AKM,33.0,439322,636076,34.0,437724,623194,1598,12882,12980
AKM,23.0,628233,384075,29.0,627412,383834,821,241,855
AKM,5.0,489925,443736,25.0,490677,441146,752,2590,2696
AKM,18.0,599786,467991,30.0,600137,468503,351,512,620
AKM,5.0,285104,283741,11.0,283980,280796,1124,2945,3152
AKM,1.0,175532,200234,15.0,173436,198643,2096,1591,2631
AKM,22.0,304096,506406,39.0,304025,503278,71,3128,3128
AKM,1.0,276149,253948,2.0,274127,254196,2022,248,2037
AKM,14.0,324428,526552,27.0,313801,526129,10627,423,10635
Kar98k,2.0,108682,123568,31.0,113251,122261,4569,1307,4752
Kar98k,10.0,412511,627034,24.0,412221,619593,290,7441,7446
AWM,2.0,274171,253886,6.0,288788,256721,14617,2835,14889
AKM,4.0,287752,264316,5.0,288908,263987,1156,329,1201
AKM,18.0,186067,224097,30.0,186578,223951,511,146,531
AKM,9.0,162984,276349,44.0,164833,276474,1849,125,1853
M24,7.0,359648,622314,5.0,341957,624191,17691,1877,17790
AKM,17.0,382389,129484,29.0,380316,129720,2073,236,2086
AKM,36.0,464261,640920,39.0,463734,641183,527,263,588
Kar98k,2.0,334667,676045,5.0,335604,663447,937,12598,12632
AKM,3.0,420269,324723,43.0,420698,324738,429,15,429
AKM,31.0,384876,125380,33.0,384400,125067,476,313,569
Kar98k,2.0,334765,675920,4.0,329907,671775,4858,4145,6386
Kar98k,2.0,528200,643985,11.0,527995,654656,205,10671,10672
AKM,16.0,584028,484208,15.0,582838,485376,1190,1168,1667
AKM,36.0,456781,629286,46.0,456797,629811,16,525,525
M24,7.0,356239,573607,14.0,361521,580399,5282,6792,8604
AKM,31.0,385503,125000,33.0,385206,125144,297,144,330
AKM,30.0,467126,640060,32.0,466964,639703,162,357,392
AKM,25.0,266627,431311,50.0,275049,432314,8422,1003,8481
Kar98k,2.0,186720,469046,15.0,188976,457625,2256,11421,11641
AKM,50.0,427639,631525,60.0,418882,634399,8757,2874,9216
Kar98k,2.0,196777,467325,8.0,202920,483387,6143,16062,17196
AKM,9.0,223860,468156,29.0,223896,460722,36,7434,7434
Kar98k,2.0,186671,469110,18.0,192393,453115,5722,15995,16987
AKM,30.0,169735,614594,59.0,172065,615359,2330,765,2452
Kar98k,51.0,446053,621393,64.0,446361,629563,308,8170,8175
AKM,46.0,555869,504073,71.0,555150,504041,719,32,719
Kar98k,2.0,196801,467542,9.0,213989,468349,17188,807,17206
Kar98k,2.0,209487,464912,6.0,210197,468110,710,3198,3275
AKM,25.0,399662,352681,26.0,395206,347897,4456,4784,6537
AWM,1.0,639000,367562,6.0,640972,381325,1972,13763,13903
AKM,6.0,699957,257235,2.0,700159,257091,202,144,248
AKM,10.0,367634,509372,47.0,367440,508512,194,860,881
AKM,20.0,296064,261537,16.0,303562,268471,7498,6934,10212
Kar98k,3.0,512317,415474,13.0,517168,411458,4851,4016,6297
AKM,10.0,355396,521996,33.0,350933,519587,4463,2409,5071
AKM,20.0,215428,278240,41.0,210624,276603,4804,1637,5075
AKM,1.0,279287,561748,40.0,281906,559362,2619,2386,3542
AKM,1.0,278544,567215,35.0,278422,567502,122,287,311
Kar98k,10.0,485310,449094,19.0,438762,468289,46548,19195,50350
AKM,8.0,447488,629189,32.0,451376,629054,3888,135,3890
AKM,1.0,281789,567068,35.0,283536,568107,1747,1039,2032
Kar98k,3.0,601335,403808,8.0,611203,404398,9868,590,9885
AKM,20.0,211683,276931,41.0,212011,276908,328,23,328
Kar98k,22.0,551467,547210,24.0,552499,537728,1032,9482,9537
AKM,11.0,698523,338260,13.0,696234,341923,2289,3663,4319
AKM,5.0,586412,250545,4.0,569704,263654,16708,13109,21236
Kar98k,5.0,634534,326523,11.0,641103,317654,6569,8869,11036
AKM,8.0,445041,629473,24.0,444714,628062,327,1411,1448
AKM,5.0,523417,478900,12.0,523782,479637,365,737,822
AKM,24.0,169914,625916,25.0,170011,625908,97,8,97
AKM,22.0,370765,408048,19.0,370854,408457,89,409,418
AKM,18.0,720371,333863,11.0,719958,334233,413,370,554
AKM,5.0,588335,248761,6.0,565400,263902,22935,15141,27482
AKM,4.0,570943,264089,6.0,564486,266883,6457,2794,7035
AKM,1.0,511276,261420,4.0,512194,256072,918,5348,5426
AKM,8.0,513034,370178,23.0,510710,369494,2324,684,2422
AKM,23.0,509992,370593,8.0,510182,370782,190,189,267
AKM,4.0,502323,308300,7.0,506119,303133,3796,5167,6411
AKM,4.0,472310,314938,9.0,472709,315058,399,120,416
AKM,16.0,379908,425486,15.0,379563,425826,345,340,484
AKM,17.0,369274,428828,20.0,369354,428828,80,0,80
AKM,17.0,371278,428566,20.0,371491,428546,213,20,213
AKM,4.0,472106,315123,9.0,471241,313999,865,1124,1418
AKM,17.0,369617,428536,20.0,369406,428644,211,108,237
AKM,16.0,367512,424255,17.0,368259,424193,747,62,749
M24,2.0,269927,449227,3.0,266698,443512,3229,5715,6564
AKM,34.0,287137,454901,35.0,289872,451940,2735,2961,4030
AKM,29.0,372060,126792,36.0,372394,128144,334,1352,1392
AKM,40.0,341573,175352,44.0,341967,173573,394,1779,1822
M24,2.0,277060,452146,4.0,260841,447278,16219,4868,16933
Kar98k,33.0,443976,628216,41.0,435949,624859,8027,3357,8700
AKM,40.0,341671,176139,44.0,342210,176666,539,527,753
Kar98k,8.0,366327,165124,29.0,364341,152959,1986,12165,12326
AKM,20.0,345165,313872,45.0,344950,314723,215,851,877
M24,2.0,282389,453982,7.0,276405,435031,5984,18951,19873
AKM,28.0,618412,607077,5.0,619868,607328,1456,251,1477
Kar98k,20.0,332709,378924,21.0,323644,371183,9065,7741,11920
AKM,14.0,464657,356326,20.0,471166,349973,6509,6353,9095
AKM,11.0,507067,313558,12.0,506837,310998,230,2560,2570
AKM,3.0,497192,279712,18.0,497560,280014,368,302,476
AKM,8.0,492874,332768,11.0,503758,328890,10884,3878,11554
AKM,12.0,506746,310978,10.0,505531,309152,1215,1826,2193
Kar98k,2.0,548428,369202,17.0,549387,382601,959,13399,13433
AWM,11.0,507915,347862,10.0,488117,344878,19798,2984,20021
AKM,27.0,621388,297031,3.0,621149,297176,239,145,279
AKM,26.0,622888,371921,5.0,623017,371670,129,251,282
AKM,8.0,172181,591831,21.0,171763,592428,418,597,728
AKM,2.0,533699,380327,,534269,378364,570,1963,2044
AKM,8.0,155024,623295,21.0,154950,623413,74,118,139
AKM,25.0,507561,381937,19.0,507814,381429,253,508,567
AKM,25.0,507548,380965,19.0,508065,380249,517,716,883
AKM,5.0,568151,293063,23.0,568072,293380,79,317,326
Kar98k,6.0,324841,304751,8.0,340588,292407,15747,12344,20008
AKM,8.0,361956,292953,6.0,337450,305809,24506,12856,27673
AKM,8.0,380523,283116,25.0,381133,284136,610,1020,1188
AKM,6.0,364843,435359,20.0,0,0,364843,435359,568021
AKM,22.0,638561,268973,13.0,638388,269399,173,426,459
AKM,17.0,450129,596665,24.0,450794,597091,665,426,789
AKM,6.0,365199,435011,20.0,0,0,365199,435011,567983
AKM,1.0,473107,401064,25.0,475557,400529,2450,535,2507
Kar98k,2.0,440497,636812,17.0,442295,632225,1798,4587,4926
Kar98k,7.0,309650,509512,19.0,320569,484977,10919,24535,26854
AKM,15.0,550679,559017,20.0,552936,543311,2257,15706,15867
Kar98k,1.0,546252,671332,2.0,543525,677768,2727,6436,6989
AKM,16.0,215965,273004,45.0,216090,274710,125,1706,1710
AKM,39.0,732735,436154,40.0,733685,436430,950,276,989
AKM,19.0,139036,293262,29.0,143464,290828,4428,2434,5052
AKM,15.0,733931,436201,39.0,732995,436328,936,127,944
AKM,7.0,304372,512729,24.0,305996,512872,1624,143,1630
Kar98k,7.0,310562,508917,19.0,319533,484310,8971,24607,26191
AKM,13.0,360328,248421,16.0,360271,247653,57,768,770
AKM,9.0,373694,405419,20.0,370478,404512,3216,907,3341
AKM,5.0,442773,301301,7.0,442529,298998,244,2303,2315
AKM,20.0,366339,402440,26.0,366478,401448,139,992,1001
AKM,5.0,395649,355572,24.0,393511,349314,2138,6258,6613
AKM,18.0,434726,449279,31.0,434754,448796,28,483,483
AKM,13.0,369028,251881,14.0,370505,251018,1477,863,1710
Kar98k,3.0,634052,515749,3.0,634425,515592,373,157,404
AKM,2.0,404513,483555,16.0,410911,477814,6398,5741,8596
Kar98k,18.0,634915,368016,17.0,615112,380532,19803,12516,23426
AKM,1.0,254396,540096,22.0,255758,541734,1362,1638,2130
AKM,1.0,266162,528694,22.0,266412,528896,250,202,321
AKM,1.0,400018,308879,17.0,401815,306960,1797,1919,2629
AKM,1.0,400289,309125,16.0,398844,309380,1445,255,1467
AKM,1.0,452859,228320,2.0,453469,225683,610,2637,2706
Kar98k,4.0,427437,218734,6.0,435581,233504,8144,14770,16866
AKM,17.0,404445,294334,18.0,404346,294408,99,74,123
AKM,1.0,453077,223910,2.0,452022,224449,1055,539,1184
AKM,1.0,422729,235665,5.0,423201,234247,472,1418,1494
AKM,11.0,238486,492274,14.0,238788,490385,302,1889,1912
AKM,28.0,628015,465872,37.0,627899,466272,116,400,416
AKM,7.0,227557,479949,9.0,227347,479833,210,116,239
AKM,11.0,651884,440576,28.0,650320,439976,1564,600,1675
AKM,4.0,289721,635822,23.0,296768,632149,7047,3673,7946
AKM,4.0,181735,488430,12.0,184461,487791,2726,639,2799
Kar98k,2.0,174460,484569,10.0,165414,471449,9046,13120,15936
AKM,28.0,627432,377959,37.0,626931,378225,501,266,567
M24,2.0,209938,468399,6.0,183862,428129,26076,40270,47975
AKM,22.0,621198,609027,34.0,620319,608487,879,540,1031
AKM,7.0,144385,332233,14.0,143643,332436,742,203,769
AKM,8.0,237482,419604,4.0,237514,419875,32,271,272
Kar98k,3.0,333272,529523,23.0,327394,534981,5878,5458,8021
AKM,1.0,224540,459842,4.0,222709,459768,1831,74,1832
AKM,5.0,207422,411124,12.0,209602,409675,2180,1449,2617
Kar98k,23.0,433670,642430,38.0,427179,645258,6491,2828,7080
AKM,25.0,169181,285774,29.0,171067,286326,1886,552,1965
Kar98k,3.0,327517,535110,21.0,325344,525914,2173,9196,9449
AKM,19.0,393753,436996,22.0,395953,440468,2200,3472,4110
AKM,25.0,169453,288052,29.0,169404,287465,49,587,589
Kar98k,19.0,723848,440626,32.0,725421,434419,1573,6207,6403
AKM,15.0,537855,415661,27.0,537722,417148,133,1487,1492
AKM,19.0,678855,461725,40.0,676726,464084,2129,2359,3177
AKM,20.0,238458,527974,,236982,528664,1476,690,1629
Kar98k,5.0,204869,353054,12.0,200908,362465,3961,9411,10210
Kar98k,1.0,300465,372067,16.0,0,0,300465,372067,478239
AKM,16.0,711821,331229,34.0,710007,330287,1814,942,2044
AKM,26.0,373386,404127,39.0,371419,410298,1967,6171,6476
Kar98k,5.0,237845,358203,8.0,239728,380450,1883,22247,22326
AKM,12.0,536248,600612,4.0,536398,605390,150,4778,4780
AKM,8.0,417054,475708,46.0,417305,474241,251,1467,1488
AKM,12.0,552148,481211,17.0,554830,475425,2682,5786,6377
Kar98k,1.0,687371,461826,45.0,687368,461711,3,115,115
Kar98k,5.0,476614,595826,6.0,469494,600450,7120,4624,8489
AKM,24.0,424866,292536,32.0,424529,292425,337,111,354
AKM,12.0,536078,598775,11.0,529155,598510,6923,265,6928
AKM,12.0,551392,476813,16.0,546739,516157,4653,39344,39618
Kar98k,2.0,628146,378126,36.0,625056,372433,3090,5693,6477
AKM,12.0,555165,478597,17.0,554628,473655,537,4942,4971
AKM,19.0,376992,424726,52.0,376971,426461,21,1735,1735
AKM,1.0,618608,301925,57.0,621739,298108,3131,3817,4936
AKM,5.0,293552,436186,29.0,293707,435858,155,328,362
AKM,1.0,625055,303931,60.0,623823,303978,1232,47,1232
AKM,29.0,437060,334028,55.0,437339,334291,279,263,383
AKM,2.0,599496,229604,3.0,600374,230443,878,839,1214
Kar98k,4.0,575344,100745,20.0,570734,106498,4610,5753,7372
AKM,2.0,601390,226947,3.0,601997,227982,607,1035,1199
AKM,22.0,370740,424335,24.0,372750,427927,2010,3592,4116
AKM,4.0,612072,193297,6.0,613462,194593,1390,1296,1900
Kar98k,1.0,605212,249992,9.0,595821,256250,9391,6258,11285
AKM,1.0,613438,241731,5.0,614311,239604,873,2127,2299
Kar98k,1.0,605978,250614,9.0,589711,252871,16267,2257,16422
AKM,1.0,608705,228175,2.0,601255,226978,7450,1197,7545
AKM,1.0,321164,344173,28.0,321625,340603,461,3570,3599
AKM,1.0,320386,344331,27.0,319206,342069,1180,2262,2551
Kar98k,1.0,505496,258251,13.0,502253,268357,3243,10106,10613
Kar98k,4.0,661328,30877,30.0,656198,39358,5130,8481,9911
AKM,1.0,614847,229884,4.0,604200,210614,10647,19270,22015
AKM,38.0,540514,420078,34.0,547792,424279,7278,4201,8403
Kar98k,35.0,570245,419786,58.0,571168,421570,923,1784,2008
Kar98k,8.0,450775,408199,43.0,461272,415009,10497,6810,12512
Kar98k,3.0,463956,225796,9.0,456925,240798,7031,15002,16567
AKM,6.0,200879,282246,57.0,206682,287170,5803,4924,7610
Kar98k,5.0,420700,383746,25.0,429166,387583,8466,3837,9294
Kar98k,1.0,444161,241190,4.0,448424,252629,4263,11439,12207
AKM,41.0,419813,324840,82.0,418722,324390,1091,450,1180
AKM,41.0,419657,326375,78.0,418990,324806,667,1569,1704
AKM,41.0,419925,327315,70.0,419672,327400,253,85,266
AKM,60.0,344517,689419,64.0,343407,683259,1110,6160,6259
AKM,11.0,345851,397894,27.0,346068,397195,217,699,731
AKM,4.0,434638,251747,8.0,444145,258281,9507,6534,11535
AKM,2.0,421487,275651,13.0,422689,276164,1202,513,1306
AKM,4.0,161494,291026,33.0,161824,290595,330,431,542
AKM,6.0,206692,287156,61.0,0,0,206692,287156,353808
AKM,38.0,538304,421239,35.0,546447,421382,8143,143,8144
Kar98k,2.0,458963,252605,3.0,454730,257098,4233,4493,6172
AKM,11.0,367796,407650,40.0,370283,404974,2487,2676,3653
Kar98k,8.0,454440,259672,12.0,475539,271688,21099,12016,24280
Kar98k,3.0,612442,233736,8.0,601519,217179,10923,16557,19835
AKM,20.0,606922,482129,26.0,606253,482507,669,378,768
AKM,3.0,520910,486924,22.0,515578,497502,5332,10578,11845
AKM,12.0,552120,364496,21.0,543464,369011,8656,4515,9762
AKM,21.0,419127,291992,20.0,417346,293886,1781,1894,2599
AKM,6.0,578209,242372,11.0,575817,244238,2392,1866,3033
AKM,9.0,532007,153533,10.0,525637,163465,6370,9932,11799
AKM,6.0,577168,241922,11.0,576354,228730,814,13192,13217
Kar98k,3.0,627625,242013,12.0,654024,243146,26399,1133,26423
AKM,8.0,565365,386333,20.0,564915,385730,450,603,752
AKM,22.0,476466,314602,27.0,485434,314980,8968,378,8975
Kar98k,8.0,585254,482052,20.0,594234,490322,8980,8270,12207
Kar98k,16.0,459088,550892,19.0,463115,547977,4027,2915,4971
Kar98k,3.0,443465,598050,16.0,442784,617488,681,19438,19449
AKM,8.0,662796,118643,28.0,660206,117576,2590,1067,2801
Kar98k,8.0,587775,484284,18.0,595660,498572,7885,14288,16319
AKM,19.0,463624,547785,16.0,463125,548655,499,870,1002
AKM,2.0,418041,636448,14.0,423689,639688,5648,3240,6511
AKM,2.0,417743,685849,3.0,418664,690112,921,4263,4361
AKM,5.0,458704,465194,3.0,459068,465711,364,517,632
AKM,5.0,458990,465311,3.0,459089,465191,99,120,155
AKM,18.0,449063,629092,4.0,448544,625534,519,3558,3595
AKM,2.0,440060,488979,6.0,439125,498042,935,9063,9111
AKM,2.0,516820,501185,15.0,515730,501575,1090,390,1157
Kar98k,4.0,471122,474000,5.0,454460,463692,16662,10308,19592
AKM,15.0,368845,398809,16.0,368560,399059,285,250,379
Kar98k,4.0,468053,471999,7.0,484313,456322,16260,15677,22586
AKM,1.0,730184,436792,23.0,731096,436692,912,100,917
Kar98k,4.0,471722,473950,11.0,465321,424924,6401,49026,49442
AKM,15.0,366037,395863,19.0,370546,393570,4509,2293,5058
AKM,15.0,365301,410649,19.0,365093,410853,208,204,291
AKM,15.0,366556,409894,28.0,364971,410078,1585,184,1595
AKM,8.0,367534,398642,14.0,367312,399374,222,732,764
Kar98k,4.0,266854,387996,10.0,265821,372669,1033,15327,15361
AKM,3.0,186852,393604,2.0,182047,396055,4805,2451,5394
AKM,3.0,240513,439313,26.0,240579,439403,66,90,111
AKM,13.0,374933,415501,39.0,374248,415412,685,89,690
AKM,5.0,294729,446054,14.0,294964,445542,235,512,563
AKM,7.0,402626,411458,16.0,402374,411005,252,453,518
AKM,35.0,372381,400258,37.0,372319,401334,62,1076,1077
AKM,34.0,424124,325694,43.0,424033,326190,91,496,504
AKM,30.0,372609,407155,13.0,373836,407779,1227,624,1376
AKM,35.0,361924,392846,,362071,393773,147,927,938
AKM,19.0,390255,139568,44.0,389349,139735,906,167,921
Kar98k,4.0,325620,397748,13.0,321552,393594,4068,4154,5814
AKM,44.0,389919,286940,46.0,389709,287120,210,180,276
Kar98k,5.0,216653,427606,8.0,203435,424329,13218,3277,13618
AKM,35.0,371900,401581,37.0,371951,401336,51,245,250
Kar98k,17.0,163384,623945,30.0,0,0,163384,623945,644981
Kar98k,1.0,207102,413123,5.0,189518,413807,17584,684,17597
AKM,20.0,287761,458423,22.0,289601,448123,1840,10300,10463
AKM,35.0,371422,398817,36.0,371841,398495,419,322,528
AKM,6.0,218277,396803,19.0,217977,396838,300,35,302
AKM,6.0,143464,477846,8.0,143651,477214,187,632,659
Kar98k,1.0,156946,505083,6.0,150581,498876,6365,6207,8890
AKM,22.0,351492,400297,14.0,351728,400205,236,92,253
AKM,25.0,620292,297115,26.0,621200,297971,908,856,1247
AKM,14.0,357990,410130,23.0,0,0,357990,410130,544392
Kar98k,6.0,129696,491889,7.0,137107,488305,7411,3584,8232
AKM,8.0,142969,482117,6.0,143894,483051,925,934,1314
AKM,12.0,582490,483840,20.0,582497,483627,7,213,213
AKM,25.0,0,0,26.0,620435,297111,620435,297111,687905
Kar98k,1.0,145587,529824,6.0,142743,526976,2844,2848,4024
Kar98k,3.0,141918,564466,4.0,126558,575191,15360,10725,18733
AKM,7.0,265679,275217,20.0,263942,275734,1737,517,1812
AKM,22.0,348434,397392,14.0,350981,400497,2547,3105,4015
AKM,12.0,270576,568754,4.0,270260,568843,316,89,328
AKM,18.0,716982,329338,23.0,719163,333247,2181,3909,4476
AKM,9.0,144942,334966,10.0,145105,335393,163,427,457
Kar98k,7.0,285909,522567,13.0,296051,516237,10142,6330,11955
Kar98k,23.0,350074,394979,16.0,358563,384258,8489,10721,13674
AKM,18.0,712840,324194,23.0,712980,324339,140,145,201
Kar98k,3.0,218720,351315,2.0,211461,351102,7259,213,7262
Kar98k,13.0,328862,530796,7.0,321598,532740,7264,1944,7519
AKM,22.0,713994,452980,21.0,715420,452132,1426,848,1659
AKM,16.0,359113,383587,17.0,357912,384471,1201,884,1491
AKM,6.0,358528,293604,11.0,358764,292615,236,989,1016
AKM,20.0,625552,378187,18.0,625514,378034,38,153,157
Kar98k,4.0,378734,249095,5.0,373013,250908,5721,1813,6001
AKM,11.0,151234,319725,2.0,147191,323490,4043,3765,5524
AKM,3.0,387089,264018,4.0,384836,263950,2253,68,2254
AKM,20.0,625986,378089,16.0,626175,378038,189,51,195
Kar98k,1.0,388198,256177,5.0,383303,256742,4895,565,4927
AKM,6.0,356375,295051,12.0,359153,292089,2778,2962,4060
AKM,14.0,357428,404202,8.0,357322,404124,106,78,131
AKM,13.0,616777,481389,18.0,0,0,616777,481389,782399
AWM,9.0,468936,473528,9.0,460247,473077,8689,451,8700
AKM,13.0,609454,478217,18.0,609512,478479,58,262,268
Kar98k,9.0,431584,473081,9.0,446900,473949,15316,868,15340
Kar98k,10.0,435309,636339,17.0,439371,623818,4062,12521,13163
Kar98k,9.0,490797,443634,3.0,476501,423495,14296,20139,24697
Kar98k,9.0,493037,435770,4.0,510718,428447,17681,7323,19137
